33177600
132710400
90000
90000
90000
90000
90000
90000
90000
90000
10000
7800
90000
7800
90000
90000
90000
90000
90000
90000
90000
90000
90000
90000
10000
7800
90000
7800
90000
90000
10000
90000
90000
10000
7800
90000
55696
90000
55696
33177600
55696
33177600
762880
33177600
762880
33177600
90000
90000
90000
90000
90000
90000
90000
90000
10000
7800
90000
7800
90000
90000
10000
90000
2500
132710400
2500
132710400
2500
132710400
2500
132710400
7800
90000
48174
132710400
48174
132710400
48174
132710400
48174
132710400
48174
132710400
48174
132710400
48174
132710400
